0 0 0 0 0 0 0 0 0 0 0 0 0 0 0 0 0 0 0 0 0 0 0 0 0 0 0 0
0 0 0 0 0 0 0 0 1 1 1 1 1 0 0 0 0 0 0 0 0 0 0 0 0 0 0 0
0 0 0 0 0 0 1 2 2 2 2 3 3 3 2 2 1 1 0 0 0 0 0 0 0 0 0 0
0 0 0 0 1 1 2 3 5 7 7 7 8 8 8 7 5 3 2 1 1 0 0 0 0 0 0 0
0 0 0 1 2 2 3 6 9 11 13 12 15 17 17 14 13 11 8 5 3 1 0 0 0 0 0 0
0 0 0 2 2 4 6 9 13 15 26 50 25 24 25 22 20 18 14 9 6 3 1 0 0 0 0 0
0 0 0 1 2 4 7 10 13 19 21 77 66 27 29 29 26 23 19 13 10 5 2 1 0 0 0 0
0 0 0 1 2 4 7 11 15 21 22 70 76 29 39 45 27 25 21 16 12 7 3 1 0 0 0 0
0 0 0 0 2 3 6 10 13 16 27 83 57 27 57 46 26 24 21 16 11 7 3 1 0 0 0 0
0 0 0 1 2 2 5 7 11 13 53 79 29 24 54 30 24 21 18 14 9 5 3 1 0 0 0 0
0 0 1 2 2 3 4 7 6 32 80 30 18 21 52 21 19 17 13 10 7 5 3 1 1 0 0 0
1 2 3 4 5 7 8 5 23 78 32 12 17 22 56 14 16 14 12 10 9 7 6 5 3 3 2 0
4 6 9 9 10 12 9 27 77 32 12 16 16 26 57 14 17 15 14 14 12 11 10 10 9 7 6 3
8 11 13 15 16 15 40 77 28 14 17 18 17 29 46 14 19 19 18 18 17 16 14 13 14 11 8 6
13 15 16 18 17 50 66 23 17 20 20 21 21 37 48 26 29 30 30 29 28 29 31 28 15 13 11 8
14 17 19 23 80 85 57 63 68 67 65 61 55 69 73 48 49 45 43 41 39 37 49 51 14 14 11 8
13 14 25 100 85 51 44 36 29 24 20 18 14 37 43 12 18 18 18 19 18 16 14 12 13 12 9 8
11 11 35 46 11 14 15 16 14 15 15 15 12 33 41 11 14 16 14 15 15 13 12 11 10 8 7 4
7 9 8 8 12 12 12 11 10 11 11 12 9 34 41 8 11 11 12 9 9 9 8 7 6 4 2 2
3 4 5 6 6 5 6 6 7 9 10 13 13 36 45 12 14 12 10 7 5 5 4 2 2 1 0 0
0 1 1 1 2 2 2 4 8 11 14 16 17 36 47 17 17 14 12 7 5 3 1 0 0 0 0 0
0 0 0 0 0 1 3 5 10 13 18 21 24 40 51 22 23 19 15 11 6 3 1 1 0 0 0 0
0 0 0 0 0 1 3 7 11 16 22 23 24 44 55 24 25 21 17 12 8 4 2 1 0 0 0 0
0 0 0 0 0 1 3 6 10 16 20 23 20 58 70 22 25 21 17 12 7 4 2 0 0 0 0 0
0 0 0 0 0 0 2 4 7 11 14 16 18 25 32 20 18 14 10 8 5 2 1 0 0 0 0 0
0 0 0 0 0 0 0 1 4 6 7 9 11 12 11 12 11 8 5 3 1 1 0 0 0 0 0 0
0 0 0 0 0 0 0 0 1 1 2 3 4 5 5 4 4 3 2 0 0 0 0 0 0 0 0 0
0 0 0 0 0 0 0 0 0 0 0 0 0 0 0 0 0 0 0 0 0 0 0 0 0 0 0 0
